1,0.25688801,-1.6905793,0.78853562,0.20094162,0.5833427,0.72396127,0.17725176,0.64999732,-1.0238659,0.75101802
1,0.061194162,1.2168558,-0.67409288,-0.3895376,-0.61583462,0.084634421,0.082001595,-1.3184298,1.0161791,1.2831142
2,-0.47044209,0.0069031462,-0.13409702,-0.31425513,-1.2374564,-0.86858837,-0.60332723,0.20576633,-1.8288982,0.12621982
2,-0.98916782,0.067301925,-0.081853518,0.43526419,-0.65648609,0.99461647,0.6045873,-1.5601063,0.34662401,-0.37450212
2,-1.2127533,-0.47448414,1.2508961,1.0126375,0.77149796,-2.7453519,-1.0008803,1.3941183,-0.70869818,-1.5966425
2,-1.0973039,-0.68639237,0.6010199,1.1690118,-1.4481775,-0.35733514,-1.4464934,-0.32903051,0.55369072,1.5656346
2,0.17543146,1.7081229,-1.1274056,-0.19748402,-1.330593,-0.20396887,-0.28672317,-0.23735406,0.89179123,-0.59181836
2,-0.10956259,-1.2468724,-0.56835011,-0.39230125,-0.28199267,-1.0138653,-0.3029452,0.24464569,-1.0621512,-1.0436773
2,0.1172412,-0.081408485,-1.7776504,0.38194208,-1.6602855,-2.3293138,-1.1652984,-0.55042784,-1.5661503,1.6844755
1,1.0205367,-0.47925243,0.17136044,0.98066474,-1.1604709,-0.74874829,0.65998973,-0.574091,-0.94616651,-0.63485732
1,-0.20950165,-0.74113937,-0.74304456,0.31822734,-0.2615747,-0.22686818,0.42391411,0.99890625,0.1747171,-0.20078292
2,0.10328163,1.1967463,-0.92552693,0.25579313,-0.36804982,-0.57907599,-1.1631083,-3.1354926,-0.31345467,0.62055837
2,0.83943749,0.68194539,1.1745952,-0.010630425,0.10093242,-0.77865122,-3.0194117,-0.41758859,0.1774406,0.073207297
2,0.73448575,1.6225757,-0.98201785,0.65853705,-0.1243663,0.3708383,-0.86776093,-0.75704537,1.3288635,-0.83532386
1,-0.19956488,-1.835438,0.58585471,-0.58232078,-1.8183838,0.25093246,0.67585695,1.4953708,-0.79520009,-0.61456665
1,-0.9025584,-0.40745172,-0.5983226,1.4458453,0.70086887,-0.48216602,0.14147325,-0.9267965,1.2802263,0.69177297
2,1.4900995,0.79155916,-0.4975036,-0.84604218,1.2292939,-1.8634969,-0.59357692,-0.24241267,1.7856496,0.9066125
2,-1.6451221,-0.91105319,-1.5975925,-1.1141644,-0.62072639,0.59638527,-0.04765469,-0.31670469,-0.55199981,-0.35970599
2,1.4026912,-0.47571908,-3.1021145,-0.07728788,0.45210469,-0.82902142,1.2347126,1.207191,1.0362551,1.0480709
2,-0.30936564,-2.335677,-0.20677025,-1.0095703,1.9361014,-0.59320984,0.86634859,-0.20914554,1.19352,0.5464204
2,0.88883456,0.96166194,0.12862024,0.23182846,0.38601872,1.2817652,1.7544197,0.12540033,0.32848216,0.84549412
1,0.80258588,-0.19692421,-1.0999108,-0.020716988,0.16230997,0.1563329,0.049661717,-0.24123122,-0.029226571,-0.85940438
2,0.3248167,0.51905975,-1.2345811,-1.0478783,-0.55732997,0.30344609,-1.5465353,0.5458275,0.52253012,0.57210802
2,0.41553176,1.2601456,-0.60229663,-0.9377518,-1.4468811,-1.0835196,-1.0709614,0.80996941,0.69137511,1.2537609
2,-1.2501747,0.20215022,-0.0079024769,1.9130136,-0.30965142,-0.98854313,1.109967,0.033135321,-1.7971724,-0.11460206
2,0.13403068,-0.29251157,-0.69386564,0.77666592,-0.47360085,1.2065454,1.0582348,0.06845093,-0.10670386,-0.021798994
1,-0.14579503,0.20452028,0.28713699,-0.41935819,-0.76607209,0.36833865,0.87375717,1.7200265,-1.1820686,1.4042338
2,-0.16635165,1.1057804,-0.92599275,-1.111009,-0.42399748,1.3358812,-0.10071418,1.9563319,-1.5931413,0.39499753
2,-0.66133018,-1.2651536,-1.689559,0.42510986,-0.19124741,1.5893474,-1.0026891,1.7197649,-0.82348951,-0.50239197
2,0.62941575,-1.4741943,1.3654833,-1.311653,-1.218907,-0.5780714,-0.47140791,1.3319984,0.98803818,-0.91471535
1,-0.15238256,1.571732,0.59580465,0.39721178,0.91399346,0.0018516986,0.66862589,-0.097598698,-1.5282159,1.7929947
2,-1.2347489,2.3210116,1.5052322,0.30142943,-0.11128324,0.47720687,-0.63031609,-1.0728805,-0.13393608,2.5561843
1,0.27939889,-1.0069932,0.43752074,-0.093503652,-1.4987557,0.41839315,0.75165949,-0.94900301,-0.87931237,-0.24935766
2,0.047048732,-0.75330723,-1.4072965,-0.36069715,-0.7722083,-0.31334777,-0.66924991,0.65096654,-1.2296074,0.27256531
2,-1.0512286,-0.13898397,0.74048834,0.42859359,0.22968915,0.94249349,-0.51640048,-0.40428921,-0.75709575,-0.28130828
1,0.9157167,1.2048867,0.95886532,-1.3751387,-0.61720851,0.94770384,0.10438299,1.011072,-0.7727224,-0.33092981
2,-0.3090886,-1.3021943,-0.13519445,-1.1484151,-0.011651276,-0.3963486,1.2779376,0.64620383,-1.2461407,0.92326973
2,-0.0032121608,0.25093396,0.14057296,-1.1802385,0.96976114,0.54181286,1.7316322,-0.33178677,-0.42810697,-0.91139025
2,-1.4699103,0.065857959,-1.2217482,0.16433764,-0.78289302,1.4321701,0.4950707,0.70305952,-1.0636867,1.3203483
2,0.53415491,0.84422853,0.30133378,-0.12379532,0.095787822,-0.87498553,-1.4574672,1.0246084,0.045248857,1.2309767
2,-0.69621787,-0.81832687,1.4321506,1.2577582,0.37739777,-1.1385163,0.63848465,0.97171228,-1.2458017,-0.77524222
2,1.9760258,-0.33927726,0.29503029,0.8565318,-1.5631574,-0.91431873,-0.68797091,-1.2277747,0.61475264,0.57179024
2,-2.2113172,-1.1260797,-1.3648752,-0.68652775,-2.4830224,0.51985142,0.49039046,1.6167525,0.30291142,-1.0784877
1,0.22657683,1.3654606,-2.8915459,1.38908,0.65579114,-0.3381901,0.31280587,-0.17378107,-0.6103831,0.078384738
1,1.130341,-0.34130349,-0.26726788,0.97154321,0.75775413,0.60435263,0.39913393,-0.94949146,-1.1773752,0.38488701
2,0.20343937,-0.063454748,-0.39336715,-0.90983409,-1.5831293,1.3550031,-0.75018695,0.97653982,0.80022342,0.074973296
1,0.014911236,0.55094935,-0.069720952,0.50476561,2.6397134,-0.81534201,0.27903693,0.4294628,0.29817573,0.69892026
1,-1.2298672,1.2360919,2.1539484,0.50451895,1.0599896,-0.34705881,0.091432279,1.1251464,2.9346685,0.48745391
2,-1.7267153,1.2000789,0.22427979,0.035407288,-0.39451892,2.9839436,0.82382506,-0.69680171,-0.68016453,1.2909751
2,-0.78195851,-0.30908788,1.3039747,2.67913,0.29799037,-1.340724,0.37508434,0.9019873,-1.1472727,0.51704787
2,0.32579097,0.87898002,0.24969187,0.018803846,-0.2271194,-0.74202043,-0.89727882,1.4842847,-1.4306347,-0.73739133
2,-1.2982198,-0.54448796,-0.81748228,1.1594123,0.038916198,-0.094885149,1.3523726,-0.65923899,0.087142827,-1.3146252
2,0.83491628,-0.26216332,-0.80545729,-0.26576914,-0.48218849,0.39157119,-0.93327876,-0.46821781,0.50102627,-0.93421801
2,-0.8006169,-0.059302177,-0.87748526,-0.028197536,0.24441404,0.18650914,-0.3814144,0.96840118,0.76104997,-0.2091764
2,1.4909348,-0.1777623,0.044496267,-0.087294098,-0.64206833,-0.76211212,-0.25887886,0.94966344,-1.7492668,0.7536419
2,0.35553092,-0.55508472,-0.16887988,-0.61142581,0.42574087,0.88987917,1.7822868,1.7875812,-0.85868522,1.75225
2,-0.57363651,0.020724874,3.7568098,-1.8332675,0.93523138,0.69832812,-0.20060497,-1.3846431,0.27266553,0.35625791
2,-0.55268819,0.56354927,-0.53242492,-0.49969756,2.6176591,2.0328316,1.7302464,0.0099385843,0.73658865,-2.0878786
2,0.70238399,1.1906517,-0.060962453,-0.60200236,-0.41490153,0.13105035,-0.77076672,0.006870385,2.0084988,1.8507048
2,0.88309389,0.37734892,0.11977079,0.34798089,0.43360465,-0.99603304,-0.031580271,0.31627027,-0.14748135,1.8014625
2,0.58171138,0.27264381,-0.14797393,-1.3226785,-1.3616728,0.15243003,-0.49711314,-0.4670277,1.9323146,-0.83699338
2,1.7231432,0.40842688,0.76658208,-0.43385238,0.24289373,-1.2051652,1.8747888,0.05892311,0.25621821,2.2372753
2,-0.8519048,0.2910049,-0.13437456,-0.5402272,-0.39525326,0.39057568,-0.44093632,0.53651929,0.5051019,0.44346316
1,0.22096593,-0.41868128,0.0129803,0.67836823,1.1656548,0.32500579,0.4778493,0.67750173,1.0794776,0.42579574
2,-2.0423047,0.54423479,-0.84707981,1.4325635,-0.11509378,-1.2586097,0.68098637,0.57466792,0.19291694,-1.3047451
2,-1.8117742,0.71746892,-0.55638029,0.74922604,0.48782907,-0.48251687,1.451641,0.44750088,-0.14112794,0.55517616
2,1.8761259,0.71926793,0.74179473,-1.006892,0.1856831,0.029567022,1.4618419,-0.99117239,0.40860474,0.74674513
2,-2.3587503,-0.51843286,-2.2815491,0.55063769,-0.15870728,-0.17342181,0.90692683,0.72804893,-0.27493039,0.083107449
2,-3.7172474,0.75010604,0.57545489,-0.92516499,-2.1995789,-0.44963621,-1.0373287,-0.051608877,-0.82858361,-0.68324995
2,-1.1267618,0.22907711,0.35055479,-2.761929,0.33083388,-0.75509922,0.81081926,0.89006113,-0.65071494,-0.73399369
2,-0.04034579,0.73796147,0.2573343,-0.95044102,-1.2173184,1.9026984,0.51409659,-0.58589041,-0.69511289,-0.49986931
2,-0.55205235,0.31005992,-0.34537106,-0.55294166,-0.60322506,0.90787476,-0.021950631,-0.22897996,0.037882202,-1.0512606
1,-1.3873258,-0.15346974,1.3283646,0.91675941,-0.011084053,-0.16525603,0.20395487,-1.2227647,-0.38209191,-0.38658281
2,0.91885319,1.2920153,-1.2182129,0.17248762,0.68077723,0.24992274,1.6503188,-2.3238835,-2.3955748,0.23260405
2,0.2221816,-0.5534854,-1.3365496,0.10327737,-1.8486243,0.5637981,-0.8919318,-1.204396,1.2594079,0.49224317
2,-0.50051848,-1.0051873,1.5760373,-0.52561124,-1.0879909,1.6767205,0.83097756,0.62916935,0.2015423,-1.2827506
2,0.50154758,0.90085616,0.029167641,-0.63950281,0.56559579,-0.71657938,-0.71972654,-0.18713367,-1.8694395,-0.39362251
2,0.45315644,-0.27486491,-0.74834412,-0.86369374,1.2631618,-1.4952044,0.29329253,0.700172,-0.99667987,-1.6012214
2,2.4399391,-0.076491164,1.9026322,0.16922535,-0.40624101,0.46653116,-3.2252505,0.14852609,-0.42094372,1.3142474
2,0.10563455,-0.18890196,0.27745589,0.25628992,0.28814146,0.018513812,1.9627615,0.16837991,-0.070827657,-0.60092469
2,-0.29709364,-0.088270751,-0.89456295,-0.21058599,0.50257178,-1.3823519,0.99299821,0.32767334,-0.98796638,0.016765694
2,0.37279428,2.1694299,0.22561557,-0.18946497,1.9077478,-1.1595357,-0.3911946,-0.68199245,1.0406345,-0.35841416
2,-0.7761208,-2.7581908,-0.58201483,-0.2328306,-1.0562335,1.5740383,-0.56439049,0.18646586,0.68519827,-0.96004713
2,0.62721451,-0.32856731,0.47929146,-1.4844694,0.30836221,1.2205043,-0.80626491,0.59238131,-0.50344295,-0.22790614
2,-0.95413904,0.13008487,-0.062921895,-1.1231726,0.75603772,-0.13798488,-1.6612595,-0.2094461,-0.1056167,0.04374556
2,-0.24980556,0.41915297,-1.8222848,-0.51206732,0.25953799,-1.0866708,-0.372671,-2.1439578,-2.0766742,-0.42409632
2,-0.30155992,1.5451234,0.38461369,-1.13948,-0.55197104,-0.52097822,-0.62578703,3.6854132,0.11545504,-0.91852863
2,-1.1951822,-0.27317391,0.90910323,1.2811167,1.1588364,-0.20360153,-0.53126601,-1.0821244,-0.1621692,-0.40587276
2,0.042708513,-0.62810718,-0.07457583,0.90769664,-0.24515019,-0.61439715,1.3167656,-1.7386188,-0.23421277,-1.1527048
1,-0.30152711,0.48036557,-0.74255745,-1.9264631,-0.23833522,0.17777968,0.17350405,1.2143403,-0.5800274,-0.80657343
2,-0.021152019,1.7190984,-0.40901101,-0.9785104,-0.067619963,-1.5656076,1.6017868,0.30288356,-1.4914009,1.3763332
1,0.86488866,-0.52697307,0.38150593,0.35249606,1.3470537,0.38146023,0.41261932,-0.3384442,-0.036870464,-0.30347637
1,0.19937503,0.50410955,-0.7366592,0.52696847,-1.3813703,-0.29356945,0.11508379,1.6162812,0.3838249,0.51062218
2,-0.48863704,2.2600247,-0.91335395,0.81743867,0.31710344,-0.59351895,-0.010352581,-0.40410535,-0.24804649,-0.46700187
2,1.2501139,0.25863507,-1.3139358,1.4172951,-0.61066921,-0.18590544,-0.71698467,-0.76342987,-1.4062877,1.2618478
2,-1.4246971,0.5127322,-0.025286545,0.90323702,0.40701597,0.076276923,-0.977656,-2.2653382,-1.0081256,0.99723947
2,0.89928603,2.9543172,-1.5108647,-1.5240838,1.1797381,-1.4002067,-0.8350601,0.21224979,1.1441931,0.56722033
2,0.78722739,0.40145786,2.0691665,-0.68569887,-0.74335745,2.4408708,-0.34443888,-0.8081536,-1.713837,0.39006538
2,0.3349922,1.7564217,0.5894233,0.19513143,-1.5122079,-1.3442116,0.38981947,0.1378851,0.15798698,0.18070957
2,0.38933725,-0.42000489,0.53363116,-0.4505854,-0.32922463,1.885212,1.2892908,0.23047217,-0.070566342,-1.189983
2,-1.5459776,1.3646881,-0.6578259,0.79781583,1.2692959,-1.2745532,-1.1151171,-0.5027132,-1.3630592,-1.5157969
2,1.4696031,0.92876673,-1.2449717,1.4646306,-0.79573102,-0.24871869,-0.83389967,0.23859086,-1.8962025,-1.3478896
2,1.1581799,0.80206186,0.099201273,-2.0790139,1.1170277,0.42359835,-1.5064346,-0.83575928,-0.5865443,-0.52260369
2,-1.0030564,-0.4015334,-1.8786034,1.8417934,-0.37108011,-0.56517189,-1.2812208,0.17138138,1.0663426,-0.39410995
2,1.8214662,0.23538304,1.6498505,0.0056044521,2.147649,-1.7790128,-0.81354729,1.7974633,1.1993725,-0.28598504
2,1.0820153,0.62309841,-0.64845602,-0.70788447,0.29317307,-1.2151092,0.10789355,-1.3824525,-1.0407479,-0.47830593
1,0.49617624,0.58345966,1.2879138,-0.86669727,0.78039855,0.81996601,0.062874918,2.3895941,-0.27541061,1.6809864
1,-0.70593611,-0.11403043,1.5582552,-0.66502851,-0.42802648,0.24275299,0.87590033,-0.89315213,1.6496971,-2.6866611
1,1.6897198,-0.0016840636,-1.5473184,-0.56897394,-0.47900006,-0.37853123,0.64470278,1.9927855,0.097498875,-1.5391276
2,-1.0768908,2.187247,-0.5539429,0.19790257,0.74798452,0.69047019,-2.7096192,0.66983777,-0.78858001,-1.4744276
2,0.23904213,0.63473939,-1.2953405,-0.011172009,1.6791658,-1.12781,1.2552157,0.76963607,-0.73558021,0.75086844
2,-0.083285738,-1.4899494,-0.9461211,-0.35248303,-0.20283572,-0.30986774,-1.6166101,0.22014802,1.6203768,0.14952683
2,0.99920795,-0.85278195,3.0436195,0.67616742,-0.22112747,1.3320596,0.13910597,-0.0021745899,1.1917741,-0.36910154
2,-0.044856527,1.0540128,1.9565464,1.8366893,1.9298587,1.806236,-1.8752134,0.92909293,-1.2791548,0.45616836
1,-1.3234155,-0.12700467,0.32102028,0.19749977,-0.47537071,-0.29258583,0.53117213,1.0224104,0.12742461,0.974489
2,0.46004403,-0.21643298,-0.55146235,1.3211552,0.24628422,0.91827766,0.49908539,-1.9482848,-0.49496646,-0.16846658
2,1.5467302,0.90091545,1.2221486,1.9997018,-0.99339869,1.5230075,-0.73913993,0.47268257,-0.17673946,-1.2914586
2,-1.5308588,-0.29311042,-0.71120337,0.48071875,-0.6615499,-0.68421641,-0.45915152,-2.2888314,1.5315473,-0.13672894
2,0.21694185,0.75887034,-0.49761959,0.32140294,-1.6088465,0.13739,-0.22754721,0.16235921,0.69277377,-0.73989342
1,-1.4614114,0.11861789,-1.5180508,-1.1504724,0.38039227,-0.65255902,0.37176399,0.64466873,-0.60098499,-1.7204182
1,1.4948902,-1.6811289,-0.57065013,-0.032892113,-1.2696243,-0.37594241,0.21102513,-0.29094742,0.93006145,-0.67062846
2,-0.027426473,0.57917855,-1.2158938,0.18233941,0.73372446,-0.26479857,-0.82430944,0.047720517,-1.7068878,-1.5049269
2,-0.53127518,-0.47537781,0.69187245,0.35636165,-1.3574066,1.1791774,0.067009879,0.22174491,0.56446976,-0.60144271
2,0.47153186,-2.109621,2.6641637,0.0093879016,0.24452633,2.2650976,-0.36803968,0.73942036,-0.01802195,-2.2751784
2,-0.27229806,-1.4214353,0.58048001,-0.30978889,-0.055948476,-1.141191,1.2789996,-0.28416874,-0.022325929,-0.80098363
2,1.2809227,-0.14105471,-0.35810148,-0.073285826,-0.29546333,-0.84296515,0.7861872,-0.96762213,0.4615376,-1.0174994
2,-1.0253792,-0.25624848,0.44099771,1.4623377,-0.33546038,-1.3271935,-0.61067058,-2.276793,0.5462371,-1.0225444
2,-0.16097129,0.51199852,0.01434385,-0.74708539,-0.70318943,-1.2330926,-0.27260818,-1.6022704,0.67284309,0.85408243
2,-0.44560611,0.98414917,-0.33203321,0.36616499,1.2464563,-2.3640553,0.15125526,-0.081910001,-2.4529677,0.70730106
2,-0.093756981,0.29370883,-0.68135847,1.0143404,-0.94573069,1.412191,0.094975512,-0.56525431,-1.0647069,0.62239982
2,1.7367455,-1.6678081,0.65226447,-0.31327048,-0.99393891,-0.39716027,-1.4922852,0.16713692,0.68287689,0.43173335
1,0.44562106,0.018426933,-1.021194,0.20521008,1.2266986,0.1475612,0.47473744,0.96378637,-0.3044103,0.38685443
2,0.97546464,0.076559043,0.38356442,-1.1451692,0.87422891,0.7862054,-1.0697003,-0.49316709,0.47135311,-0.72056909
2,1.5832952,0.13499266,1.2486104,-0.12086132,-0.40217377,-0.95399763,-0.82075172,2.1361656,0.19986111,-0.14129721
1,-0.54644473,0.0017276409,0.041048254,-0.58366812,-0.25097479,0.25902167,0.80529319,0.31635683,-0.31599209,-1.5545272
2,1.4394187,0.45955538,-0.28487059,-1.1620686,-0.7042387,0.20911841,0.98779145,-0.76365791,0.3862709,1.0755448
2,0.61819797,-0.42435091,1.5930776,0.46438906,-0.88320725,-0.31359704,-1.9095206,0.89254939,1.4861379,-2.1633009
2,-0.7890427,-0.62363341,1.1915627,-1.2767369,-0.96896436,-0.57408649,-0.89440711,0.87776109,-0.28927966,1.1535793
2,1.0108355,0.47040862,1.0371897,0.17623388,-1.9200754,-1.201331,-1.2612931,-0.082752491,-0.89304778,0.84414268
2,0.4130308,-0.67063542,0.65843647,-0.073350934,0.12209911,-0.51737503,1.2644725,-0.20320548,0.18073419,-1.2081008
1,-0.34606334,1.2151348,-0.66177789,1.2412455,0.13263316,-0.9107295,0.32332946,0.094686214,-1.0456375,-2.0589834
2,-0.87098747,0.49429451,-1.1291153,0.78264443,0.74525554,-0.18380412,-0.60774251,-1.37623,-0.53147995,1.6372083
2,-0.21655616,0.91132226,1.2264729,-0.38510327,-0.98447914,1.3600779,0.40230479,0.12796385,1.2471102,-0.69020401
2,-0.7184387,0.28969203,-0.014227382,-0.58529494,-0.91544088,0.88378666,0.78303594,0.21981819,-1.063821,-1.2325784
2,1.8118524,-0.24303952,2.1941953,0.019684518,0.60861355,-0.81183207,-0.50079179,1.4838616,0.14644723,-1.8019062
2,0.040488663,-0.40563292,0.33482978,0.77152333,-0.59757446,1.6367543,1.4682032,-0.16519087,-1.6351579,-1.7710928
2,0.41452822,-0.7122449,-0.29331297,-0.3840797,1.7570257,-1.1729344,-0.47802201,0.64021997,-0.35351335,-0.50089479
2,-0.76296475,-0.6043228,0.38976288,2.4008234,2.0421197,-1.1900959,0.87955412,-0.76439693,-0.32401688,1.0650247
1,0.61770157,-0.1415608,0.70075603,-0.4107916,-0.94444085,0.79139657,0.60576315,0.03462589,1.2464889,-0.33822151
1,-1.1504887,-0.42416949,-0.79672368,0.73352764,-0.085696345,-0.0001427931,0.20019005,-0.5637688,0.45636554,1.8415553
2,0.51243091,1.7107108,0.92884827,-0.60719827,0.34712261,1.3734821,-1.3240238,-0.90100203,0.71696645,1.3930258
2,0.6997501,0.25629005,-1.3667188,0.11124604,0.3235662,0.88271186,2.1245502,-0.1054008,-0.087490044,0.4019392
1,-1.7505123,-0.028254097,-0.41131787,-2.1246167,-0.71019538,-0.47677052,0.2935258,-0.80418492,0.31497806,-0.16645156
2,-1.04049,-0.76758561,0.37058761,-0.70771011,-2.9585647,1.2801133,-0.09392517,0.55547048,0.23357955,-0.19097321
2,0.12851426,-1.119249,0.30678332,-1.028691,-0.29386906,1.7269825,0.35432373,-0.35730991,-1.0974654,-0.35885621
1,0.5257265,-0.43250477,-0.11460317,-1.6950953,-1.884077,-0.59613165,0.12402583,-0.46531539,0.33156176,0.25378832
2,0.2629223,-0.67382382,-1.1906549,1.3508686,-0.5774622,-1.5395862,1.0889505,0.22562553,0.22655326,-1.6741538
2,-0.35495322,0.22199228,-0.39748518,-1.234773,0.058884084,1.8366777,1.6600971,-1.0880664,0.56569672,0.83437516
1,0.75632244,-0.76308472,0.36059131,-0.50215419,0.34202887,-0.37687065,0.14881866,-0.60869888,-0.62696118,-2.0653682
2,-0.78469736,2.0074393,-0.99216976,1.9162116,-1.0897432,0.21496614,-0.18844873,0.48995063,0.39538565,0.38491241
1,-0.57772832,0.71857278,0.20204183,-0.36134482,1.2361005,-0.30704658,0.64522878,-1.7829078,-1.1361777,0.35164717
2,0.83490291,0.41837203,0.10376067,0.99549391,-1.2896996,-0.34227473,2.2631085,0.52553959,-1.3566913,-0.66176267
2,0.65937205,-0.94712128,0.84230474,-0.71567776,-0.09028924,1.6384942,-0.35262959,1.2172813,1.2918781,2.2237985
2,1.2790983,1.0250264,0.77518361,-1.6427348,-0.28667456,0.36396395,1.0846494,0.81598256,-1.2224859,0.91410201
2,-0.67007613,-0.92337272,-0.89341116,-0.40811119,0.077504922,0.99921782,0.56876822,0.033841675,0.42137696,0.062842122
2,-0.21862746,-0.38175389,0.2436991,0.47320102,0.062796118,-1.9007032,-0.07512017,0.37378586,0.54263508,1.0165743
2,1.2507739,-0.47320537,0.16729967,0.23882473,-1.0618419,-0.67593511,-1.622114,0.15780336,0.092728742,-0.03042844
2,0.13496506,2.2504673,-0.24515369,-0.6760902,0.31912239,0.74456748,-1.747469,0.59369434,-0.35174247,0.65773397
1,-0.26322191,-0.26486028,0.3380361,1.2349054,-0.57593224,-0.63176886,0.09479906,-0.65255786,1.2415777,0.43566103
2,-0.56423688,0.11584644,0.00045933632,0.16447613,-0.47143656,-0.34949398,-1.6083068,0.27396046,0.16463839,-1.2351071
2,-2.5446746,-0.4402721,0.024389327,0.23131315,2.2993318,-0.99887429,-0.41183418,-2.4029423,-0.17208973,-1.3531789
2,-1.0001355,-1.1587033,0.33880584,0.19269728,0.32102984,-2.1275658,1.2389014,-0.3958124,-1.08312,-0.15582889
2,-1.5679147,-0.99027764,1.1487128,1.3785989,0.1139157,-0.80668737,-0.20876538,0.60659382,-0.61065605,-0.51228858
2,0.025763541,-0.42166798,-0.34315155,0.51129501,0.095382987,1.3184412,1.7847879,-2.4618756,-0.69314528,-0.035236301
2,-1.3221662,0.52635696,-1.0234512,1.1316194,-0.20533917,-1.4325857,-0.60803404,-1.0675623,2.4687327,-1.2112153
1,-0.68422454,0.058136925,2.048789,-0.022530536,0.52223137,0.65733198,0.15572149,-1.1811007,0.34525838,-1.243916
2,-1.6385294,0.23900079,1.7126405,-0.62723273,1.426985,1.2160375,-1.1930074,0.97019584,0.58884901,1.4760533
2,-0.85038587,-0.4573967,-0.037765236,-1.4146824,1.698088,0.2867563,-0.31251369,0.25820649,-0.69210371,1.6684401
2,0.1796602,-0.79000895,0.91770117,-0.62730181,-0.054644186,0.45091824,-1.3674213,0.80019255,-1.6480966,-0.70243181
2,-1.6240106,-2.6966313,0.27554674,-0.43746861,1.2865175,-1.4120997,0.59447448,0.77038811,0.27887782,0.06874692
1,0.91886014,-0.55676178,1.5557062,-0.73673172,0.81049587,0.97487097,0.016649451,3.0503083,-0.01843214,-0.62443392
2,-0.27562436,0.76195851,0.55766542,-0.22532946,-0.8597398,-1.7765604,2.2707306,1.2233428,0.10177676,-0.11508772
1,0.41426682,-1.3186055,-1.3875312,0.58556342,0.42353319,0.39306171,0.32132525,0.81837767,-0.11826691,0.91640366
2,0.28271101,2.8951066,-1.2920501,-1.2056304,-0.98267842,-0.049722954,-0.46048918,0.5251757,0.2437603,-1.044391
2,0.7816841,-0.45335343,0.062138814,2.6784964,0.50882409,-0.73974049,-0.37412723,0.61033567,-0.26249178,-1.375009
2,-0.5981006,0.55515198,0.00041859882,0.19468314,0.19551361,-1.0632311,-1.0655054,0.10909931,-0.15845045,0.8709878
2,0.00016772974,-0.6960267,-1.3661888,-1.1219728,0.013457487,-0.39224761,-1.3066574,-0.74679247,0.33088935,0.228644
2,0.039395829,-0.54234702,0.10057271,0.61067982,1.5366173,-0.6827592,1.2442325,0.98104954,0.84647371,-0.70794225
2,-0.73909689,-0.051134513,0.050594732,0.9508252,-0.51875788,-0.95399005,-1.2178978,-0.27957705,-1.0482707,-0.013782893
2,-0.80630442,-0.053354655,-1.4099231,0.76568784,-1.4860665,-0.19522381,-0.38240296,0.62060778,1.3751276,-0.43604991
2,-1.0819587,0.22499945,-0.62014407,-0.71839083,0.6127574,-0.31020767,1.2215861,0.30886701,-1.2597759,-1.0803425
1,1.019607,-1.1141605,0.49223847,1.9823802,-0.055400436,-0.67097583,0.73218519,0.20248282,0.91992606,0.7083735
2,0.50884937,1.9264041,-0.18545907,-0.50822352,0.59565598,-0.01148688,-0.91485605,0.98459574,3.2279503,1.3593044
2,-2.4509712,-0.30458412,-0.042371755,1.7038601,1.6669118,0.02920133,0.54919714,-0.014293267,-0.46318701,-0.089216345
2,1.7087272,0.20275671,0.27304652,-1.2503649,1.9134658,1.0836016,-1.7028744,-0.32529802,-0.1456697,0.39683483
2,-0.19648463,-1.4411156,-0.68934988,0.05403154,0.1364682,1.2957138,1.1561095,0.12129684,0.47039696,-1.1928018
2,0.0029302435,1.01779,-0.93856171,0.084977683,-0.84464444,-0.33258813,-1.491604,-0.80614136,-1.2033445,0.11077238
2,-0.95889199,0.38096312,0.018682758,0.25492202,-0.82423325,-0.35547505,-0.10759025,-0.13599506,0.60964247,-0.3853706
1,0.85783106,1.3970929,0.8223492,-0.62666882,0.37483755,-0.75135669,0.073728171,-1.7181385,-0.79145025,-1.0723895
2,0.93745408,-0.18838957,0.57215631,-0.33491379,-0.26133332,-0.95713797,-1.230847,-1.0182254,-0.40667995,-0.83361214
2,0.31480056,-0.16409046,0.28463402,-0.9033647,-0.034196762,-0.77788771,0.86933886,-0.85758717,0.32464411,-0.014290497
2,0.77948206,-0.47090751,-0.25961423,1.0979906,-1.4140774,-2.3696459,0.53288093,0.0059625079,-0.23330305,-0.2814996
2,0.24799115,0.25831204,1.8180419,2.1193858,-0.64998779,0.0085382055,-0.18485019,1.719701,0.19894755,-0.23743198
1,-0.86416067,-1.8976804,2.433681,0.76520176,0.34094808,0.68148254,0.1670577,0.36040878,-1.5768223,-0.68766618
2,-0.95933776,1.6497806,-1.7362259,0.97226464,1.1313408,-0.36020287,1.280138,0.24046284,-0.40602003,0.20119511
1,0.50267012,0.75922633,-0.23993031,-1.7404241,1.4598618,0.73696402,0.071167143,1.6032295,-1.0284967,-0.16466857
2,-0.86216162,-0.43567589,0.69264494,1.3285177,-0.89034418,1.353234,-1.1964005,0.86155949,1.0792301,1.0228744
2,-1.7517552,1.228245,1.9579566,-0.14366947,-0.86816802,1.5143271,0.11937713,1.6880219,-1.0966194,-0.57183702
2,0.34779261,-0.72947972,-0.015851966,-0.024862011,0.48822165,0.16372463,-0.28523335,-0.64118656,0.30873,0.38668496
2,0.27151764,-0.82988026,-0.24745081,-0.039801011,0.25607845,-2.0696767,-0.33374635,-0.22219928,-0.33456032,1.6936497
2,0.83153284,0.72915167,0.71393394,0.37170793,1.0281945,-0.45824434,-0.60618246,-0.17878447,0.22389965,0.24456479
2,-0.76693918,1.9097866,0.47248349,-0.15423329,-0.15786378,-1.7802566,1.4843822,1.2504207,-1.4531415,-1.4248687
2,0.21513323,0.54528315,0.17061871,1.2498742,0.7613363,-1.08064,0.6748194,0.47896051,0.60409742,-1.9204989
2,-2.5360658,-1.054563,-0.17703076,-0.15962272,0.30191212,-1.2216392,-0.91488983,1.292052,0.81799978,0.8898483
1,-0.33046616,1.4232117,1.6197053,0.83863851,0.61277641,0.043428334,0.28657885,-1.6135698,-0.34427456,0.042701626
1,-0.4146422,0.68711825,1.6618994,0.66546506,-1.3776224,-0.39259603,0.75149982,0.6175817,0.35574032,-0.77444966
2,0.90850736,0.19611599,1.9428987,-0.22687105,1.4431233,1.1496449,0.41498826,-1.0896582,1.6773548,2.0322935
2,-1.2082022,0.15870203,1.7329422,-0.96899021,0.43497714,-1.4774847,-0.81029772,-0.11018246,0.15946597,0.82964669
2,0.32461836,0.63740901,1.7719728,-1.3816728,0.30530913,0.30289033,-0.078513393,1.1078672,-0.17681691,0.1373714
2,-0.38600743,0.050905372,-0.69545441,-0.22581017,-0.37996667,0.11569669,-0.8387632,0.94938311,0.080979866,0.28310961
2,-1.4222207,0.88816845,-1.7038024,-0.58132237,0.47320599,-1.3701733,-0.93001385,1.6285987,-0.74044328,0.54164125
2,-1.625327,0.53746838,0.087411389,0.96896634,0.59436037,0.078521307,1.7615477,1.0582775,0.88547363,-0.2112714
1,0.3320371,1.0061687,-2.1359672,0.98707115,0.25971411,0.19804781,0.24902749,0.29984323,0.23990342,1.7256824
2,0.18812246,-0.39548372,0.4621602,0.18408605,0.19203632,0.32846351,-2.0605957,-1.159267,0.53773739,1.0450691
2,-1.3822186,0.60821639,1.4854061,0.82239976,-0.38356872,1.1443929,0.21819006,-0.54570903,1.7025231,1.3862317
2,-1.278632,2.2004524,-0.048411672,0.42658579,-0.38741858,1.4079296,1.2457385,-1.0793428,-0.46620041,1.2443009
2,0.79459123,-0.23596073,-0.17886247,-0.32686209,-0.71667778,1.5906545,-0.47682969,0.21314865,0.54537789,0.92463147
2,0.016469745,0.50852734,-0.12522529,0.95893167,1.3851002,-0.65714573,0.94368194,0.60064299,-0.051443222,-0.53317065
1,-1.2968307,-1.4139744,-1.1523424,-1.5318734,-0.416001,-0.61709732,0.40558946,0.19813646,0.033283711,0.89344975
2,-1.7558062,1.5385108,0.038720546,-0.43795829,-1.6413153,1.1596273,-0.23622361,1.5009302,-1.3038435,1.9397519
1,0.82751112,-0.072732922,0.73207555,-0.33697375,0.44341942,0.16009085,0.13095973,0.12336797,1.0884369,-1.0357142
2,-0.42195628,-0.61119012,-0.12489099,-1.3374711,-1.363164,1.5150758,-0.64930708,-1.2393003,-1.4599201,1.1342099
2,-0.90401553,-1.7873844,-0.65548954,-1.5450994,0.46210691,1.1683981,-0.65728052,-2.0083874,0.052350936,-0.11562376
2,-1.1451921,-0.96862254,3.1643227,1.4609705,-0.94779327,1.152077,0.37788448,-1.5249623,-1.8939655,0.021671841
2,0.17504373,2.1115369,0.92930504,0.071064893,1.3474891,0.65903457,-1.5763278,0.60039555,1.7441269,0.72354977
2,0.20774448,0.97427669,-1.4040574,0.67084611,-0.74928632,-1.0912528,-1.1449789,-0.14947048,-1.0401966,0.79190123
2,-0.29211697,0.98172927,1.9513042,0.26518396,0.20790442,-0.60214174,-0.52023015,-1.4833822,0.84418505,-0.20148938
1,0.0086045307,-0.86870461,0.32275642,0.8863776,1.3131189,-0.53566009,0.19350637,1.42032,-0.10168226,-0.52576444
2,-2.2461603,-0.60060566,-1.1724453,1.2406012,0.46272831,0.97119722,-0.14415058,0.43746164,0.62915999,1.5566407
2,2.0263699,1.7406363,-0.82724731,0.48352135,-1.2914017,-0.42268753,-2.2596285,-1.7768614,-0.29396147,-0.10170752
2,1.1322683,0.21859752,-1.0333245,-0.25494224,-0.05815854,-2.5525698,-2.3064775,0.27955157,-0.42510126,-0.98278514
2,-0.39692941,1.2505984,1.4716282,0.35970203,-1.7363265,-0.60367398,-1.4821049,-1.8472186,-0.48193109,1.2656108
2,0.48808317,-0.13179133,-1.0821516,0.20864257,-0.48142224,-0.47248133,-1.3924435,0.7324731,1.2434895,-1.4444997
2,-0.043730055,1.3194077,0.80861064,-1.3485479,0.42333201,-0.44356859,-0.46419356,0.15755861,1.9241379,-1.4371589
2,-0.079618295,1.6347014,0.37449765,-0.54171805,-0.16237726,-1.6135012,0.66883918,0.81387192,-0.86721424,-0.79141543
2,-0.067208848,-0.63814739,0.80578002,0.10604492,1.082789,-0.18723915,1.0973826,-0.017974077,0.0056990337,-0.058835557
2,0.34365537,0.31511621,-1.4834986,0.71702474,0.54674734,1.1397126,-1.1648023,-0.30328224,0.74048041,-0.14064434
2,0.73922706,-0.63299582,-1.8282839,-1.1534566,0.69976627,-0.10399852,-0.48371635,0.051060904,1.8425251,0.17635291
2,-0.20300869,-0.76856166,-1.7666303,0.12295258,-0.065830412,0.20842626,-0.63701559,0.072155845,1.3422403,-0.44708322
2,0.63446471,-1.394438,0.91330556,-0.31318926,-1.1498818,0.38453333,-0.54223469,0.31790648,0.65836861,0.12763121
2,0.85152979,0.19251542,0.42102612,1.6312167,-0.35995888,-0.13383572,-1.0311019,-1.3172001,-0.30739276,-0.25865241
2,-0.45627327,1.334698,-0.17135238,0.40253296,0.76128779,1.1484702,0.82621627,1.0146816,-0.69884482,-0.30516533
2,0.24049636,-1.162152,-0.043861208,-0.84021586,0.41061009,-1.1688019,1.8971306,-0.56968507,-0.65748346,0.65756791
2,0.030515696,-0.497204,2.0087752,-0.73149211,1.4963226,0.89275468,-1.582103,-0.68282079,1.1126155,-0.63976499
2,-0.209637,-0.76703692,-0.2489006,-0.26283411,-0.08366958,0.086936946,2.7537346,-0.25494138,-0.28242948,0.6942705
2,-1.9190851,0.18919645,-1.6832611,-1.8190552,0.044246748,1.0030325,1.1257639,0.30493416,-0.17365829,-0.49302911
2,-0.86920759,-0.65574349,-1.0960219,-0.81567103,0.28561928,-0.6810037,-0.021405776,-0.72962712,-0.39762481,1.3606948
1,-1.7367761,-0.064198989,-0.32591733,0.89459063,0.51593302,0.41275745,0.4287765,0.80783057,-1.4935596,-0.97850314
2,-0.34989219,-1.0224033,0.73301417,-2.2861344,0.17938227,0.76136472,-0.9750099,0.2256136,-0.36973671,-0.61901167
2,1.2089122,0.55570978,0.99095624,-0.49211011,0.63040757,1.0092244,-0.75680335,1.6920366,1.6868382,-0.2288451
2,1.5066164,0.72540059,2.6785565,-1.7862574,-1.3276763,-1.0262185,-0.2938725,-0.89214925,-0.84106546,-2.1825511
2,0.26660914,-0.20374111,1.2707867,0.94714902,1.0525135,-0.22261733,-0.75393824,1.5631206,-0.10988794,-1.0803341
2,-2.7741775,-0.65635877,0.069611083,1.5110238,-0.67776544,-0.81377996,-1.165934,0.43052779,0.31406368,-0.73496063
2,-1.4653667,0.71366658,-0.7630319,-0.68028038,0.44780313,1.1055882,-0.34493597,-0.11712667,-0.25035264,0.71434065
2,1.3579484,0.21252042,-0.061689587,-0.80538884,0.04603884,-0.25181826,-0.64924445,-0.53582537,0.28571226,1.6869053
1,0.0060516066,1.946105,0.13793931,0.69180773,-1.2903637,-0.78513724,0.46814409,0.68803551,1.4060189,0.14196687
2,-0.9569988,-1.2592251,2.0178603,0.16544503,-1.347037,0.3048264,-0.35200529,-1.4076512,0.46368359,1.0912777
1,-1.0487001,-1.0188156,0.046331418,-1.5434826,-1.0678095,-0.5327987,0.1607934,-0.19071976,0.79511004,-0.3710862
2,0.44704477,-1.1245854,-0.55189316,-0.40562874,2.0807737,0.44467137,0.90247669,0.75879227,-1.1489016,-0.23676268
2,-0.84684427,0.27056483,-0.37966548,-0.90580764,0.12715434,-1.4722963,-2.4435591,0.66515292,-0.41327726,0.5807417
2,-1.2357087,-0.018647889,0.54159576,1.490876,0.24320822,-0.29286948,-0.62952941,-0.28614343,0.38898831,0.59757642
2,-0.11261338,-0.96060463,-0.71459056,-0.40940717,-1.1106076,0.45530646,1.2762037,1.1143672,-0.43755258,1.7750873
2,-0.59207825,-0.8378372,-1.9747338,-0.069189516,-0.4203688,1.8952891,-0.85991521,0.44810119,1.2361319,-0.45583314
1,0.75840762,-0.42455943,0.38580319,0.58643219,-1.3695595,0.29421435,0.74845667,1.1283789,0.24717706,0.54717497
1,1.2254237,-0.13085333,-0.48119156,-1.5892491,-1.5212413,0.80461012,0.37768216,0.030553561,0.24496134,0.018917747
2,0.01303854,0.51953897,1.309691,-0.38845234,0.76513665,-0.17819715,1.4733006,-0.6818533,-0.31151059,1.32475
2,0.10623619,2.6626963,1.3212894,0.81132887,-0.9146622,-0.28005988,-0.58690493,1.4074681,-0.054966272,-0.66316064
2,-1.0464993,0.83689048,1.1533565,-0.43125073,0.5176157,0.056220626,1.1548675,0.71621185,0.4398565,-0.89334657
2,-0.17152493,-0.99208744,-0.11279548,-0.50686801,0.41665678,-2.4709577,-0.78104691,0.18018826,0.66518419,-0.6607309
2,0.88065253,-0.99712997,0.12581193,0.70900985,-0.99733641,2.0563073,-0.89849988,0.27747884,-1.8648061,0.026019157
2,-0.33170972,0.76141219,0.41471634,-0.88326097,1.5338095,-2.4879277,0.42404182,0.89782519,-2.2254956,-0.8263676
2,-0.13569368,-0.47708966,0.06409561,-1.5677135,-0.48281555,1.3640472,2.1915191,-1.1124545,-1.0812507,-1.7584094
2,-0.4323968,-1.1288959,3.0500424,0.49628142,-0.87469603,-0.50608599,-0.21802901,-1.1906803,0.28091227,0.95779022
2,-0.2251406,1.3963609,0.040504879,0.67182609,0.076804486,0.85470607,1.523932,-0.13480489,-0.74203405,-0.093017775
2,1.7336093,-1.4891979,0.97657338,-0.86959942,-0.33803456,-1.9320465,-0.83306729,-1.495279,0.69670502,-1.44076
2,-0.41604324,-0.29819637,0.025644315,0.26681054,0.13891499,-1.5970819,-0.5811745,0.027085267,-1.3051106,0.80743063
2,0.19252667,0.21223351,0.36132033,-0.62485039,-0.13795279,0.13839073,-2.1653553,-0.16930625,1.2055292,-0.57085267
2,-0.52166488,-1.1942124,1.4297368,0.28907077,0.88255242,1.564347,-0.1235417,0.095402094,0.5035415,-0.043591146
1,-0.39642905,0.94316858,0.68627962,0.88746097,-1.8150965,0.090742925,0.096364669,-0.82945329,0.026119817,-1.4403733
2,1.5946952,1.6236353,-1.2018733,-0.42736822,0.31028795,0.17457331,1.0632577,-0.11436212,0.39972448,0.17514931
2,0.41384837,1.1857488,-0.93589308,0.69938176,0.24926335,1.3485871,-0.28764811,-0.64642744,-0.030314155,-0.31232493
2,0.5479453,1.3909457,-0.082828336,-0.65741529,2.0073252,-1.3791427,1.8339521,0.65638948,0.52035081,0.12316097
2,1.3480823,-0.15117215,1.8234816,-0.27966193,-1.0061053,-1.0283633,-0.00075690343,0.071923813,0.42181669,0.85158134
2,-1.0387597,-0.51400177,-0.61702835,-0.77664076,0.20577472,0.010312474,-0.96858684,-0.078899014,0.92196149,1.0937104
2,-0.25196063,0.5749131,0.41989006,0.70645302,1.3667519,0.098142403,-0.41460933,0.58181274,-1.8206611,-0.86094166
2,1.2856402,0.63130562,0.72725118,0.30005267,-0.3954527,0.51260601,-0.32749539,1.3133216,-1.1916838,2.2789366
2,-1.1757465,0.49864212,0.046845851,0.076513563,0.7301145,-0.11713848,-1.0209783,-0.62576969,0.021666329,0.089698143
2,-0.023207481,-0.61886813,-0.93117475,0.40062762,-0.15343242,0.46767726,1.4752481,1.7637919,1.480424,0.080403784
2,-0.6588002,0.6058183,-1.2754896,-2.0721853,1.275179,-1.6395057,-0.72148673,0.61100646,-1.3811349,-1.6669162
2,-1.2180659,-0.3020182,1.6967358,-0.40086928,0.42528168,1.9830435,-1.6368782,0.10100747,0.023515027,0.0029670284
